1746
1746
1746
1746
1746
1746
1746
1746
1746
1746
1746
1746
1746
1746
1746
1746
1746
1746
1746
1746
1746
1746
1746
1746
1746
1746
1746
1746
1746
1746
1746
1746
1746
1746
1746
1746
1746
1746
1746
1746
1746
1746
1746
1746
1746
1746
1746
1746
1746
1746
1746
1746
1746
1746
1746
1746
1746
1746
1746
1746
1746
1746
1746
1746
1746
1746
1746
1746
1746
1746
1746
1746
1746
1746
1746
1746
1746
1746
1746
1746
1746
1746
1746
1746
1787
1909
1909
1917
1922
2085
2185
2205
2205
2205
2205
2205
2468
2468
2490
2490
2490
2490
2490
2490
2490
2490
2490
2490
2490
2490
2490
2490
2490
2490
2490
2490
2490
2490
2490
2490
2490
2490
2490
2490
2490
2490
2490
2490
2490
2490
2490
2490
2490
2490
2490
2490
2490
2490
2490
2490
2490
2490
2490
2490
2490
2490
2490
2490
2490
2490
2490
2490
2490
2490
2490
2490
2490
2490
2490
2490
2490
2490
2490
2490
2490
2490
2490
2490
2490
2490
2490
2490
2490
2490
2490
2490
2490
2490
2490
2490
2490
2490
2490
2490
2490
2490
2490
2490
2490
2490
2490
2853
2853
2853
2853
2853
2853
2853
2853
2853
2853
2853
2853
2853
2853
2853
2853
2853
2853
3524
3524
3524
3524
3524
3524
3524
3524
3524
3524
3524
3524
3524
3524
3524
3524
3524
3524
3524
3524
3524
3524
3524
3524
3524
3524
3750
3750
3750
3750
4020
4020
4020
4020
4020
4020
4020
4020
4020
4020
4020
4020
4020
4020
4046
4046
4046
4046
4046
4046
4046
4046
4046
4046
4046
4046
4046
4046
4046
4046
4046
4046
4046
4046
4046
4046
4046
4046
4046
4091
4091
4091
4091
4091
4091
4091
4091
4091
4091
4091
4091
4091
4091
4091
4091
4091
4091
4091
4091
4091
4091
4091
4091
4091
4091
5054
5054
5054
5054
5054
5054
5054
5054
5054
5054
5054
5054
5298
5298
5298
5298
5298
5298
5298
5298
5298
5298
5298
5298
5298
5298
5298
5298
5298
5298
5298
5298
5298
5298
5298
5298
5298
5298
5298
5298
5298
5298
5298
5298
5298
5298
5298
5298
5298
5298
5298
5298
5298
5298
5298
5298
5298
5298
5298
5298
5298
5298
5298
5298
5298
5298
5298
5298
5298
5298
5298
5298
5298
5298
5298
5298
5298
5298
5298
5298
5298
5298
5298
5298
5298
5298
5298
5298
5298
5298
5298
5298
5298
5298
5298
5298
5298
5298
5298
5298
5298
5298
5298
5298
5298
5298
5298
5298
5298
5298
5298
5298
5298
5298
5298
5740
5740
5740
5740
5740
5740
5740
5740
5740
5740
5740
5740
5740
5740
5740
5740
5740
5740
5740
5740
5740
5740
5740
5740
5740
5740
5740
5740
5740
5740
5740
5740
5740
5740
5740
5740
5740
5740
5740
5740
5740
5740
5797
5797
5797
5797
5803
5803
5803
5803
5803
5803
5803
5783
5783
5783
5783
5783
5783
5837
5837
5837
5837
5837
5837
5837
5837
5837
5837
5837
5837
5837
5837
5837
5837
5837
5837
5837
5837
5837
5837
5837
5837
5837
5837
5837
5837
5837
5837
5837
5826
5826
5826
5826
5865
5870
5870
5870
5870
5870
5870
5870
5870
5949
6014
6014
6014
6014
6014
6014
6014
6014
6014
6014
6014
6014
6014
6014
6014
6014
6014
6014
6014
6014
6167
6167
6167
6167
6167
6167
6167
6167
6167
6167
6155
6155
6155
6155
6155
6155
6155
6155
6155
6155
6155
6155
6155
6155
6155
6155
6155
6221
6221
6547
6547
6547
6547
6547
6547
6547
6547
6547
6547
6547
6547
6547
6547
6547
6547
6547
6547
6547
6547
6547
6547
6547
6547
6547
6547
6547
6547
6547
6547
6547
6547
6547
6547
6547
6547
6547
6708
6708
6708
6708
6708
6708
6708
6708
6708
6708
6708
6708
6708
6708
6749
6749
6749
6749
6749
6749
6749
6749
6749
6749
6749
7130
7130
7130
7130
7130
7130
7130
7130
7130
7130
7130
7130
7130
7130
7130
7130
7130
7130
7130
7140
7140
7140
7140
7140
7140
7140
7140
7140
7140
7140
7140
7140
7140
7140
7140
7140
7140
7140
7140
7140
7140
7140
7140
7140
7140
7140
7140
7140
7140
7140
7140
7140
7140
7140
7140
7140
7140
7140
7140
7140
7140
7140
7140
7140
7140
7140
7140
7140
7140
7140
7179
7179
7179
7179
7179
7179
7179
7179
7179
7179
7179
7179
7179
7179
7179
7179
7179
7179
7179
7179
7179
7179
7179
7179
7179
7179
7179
7179
7179
7179
7179
7179
7179
7179
7179
7179
7179
7179
7179
7179
7179
7179
7179
7179
7179
7179
7179
7179
7179
7179
7179
7179
7179
7179
7179
7179
7179
7179
7179
7179
7179
7179
7179
7179
7179
7179
7179
7179
7179
7179
7179
7179
7179
7179
7179
7179
7179
7179
7179
7179
7179
7179
7179
7179
7179
7179
7179
7179
7179
7179
7179
7179
7179
7179
7179
7179
7179
7179
7179
7179
7179
7179
7179
7179
7179
7179
7179
7179
7179
7179
7179
7164
7164
7164
7164
7164
7164
7164
7164
7164
7164
7164
7164
7164
7164
7164
7164
7164
7164
7164
7164
7164
7164
7164
7164
7164
7164
7164
7164
7164
7164
7164
7164
7164
7164
7164
7164
7164
7164
7164
7164
7164
7164
7164
7164
7164
7164
7164
7164
7164
7164
7164
7164
7164
7164
7164
7164
7164
7164
7164
7164
7164
7164
7164
7164
7164
7164
7164
7164
7164
7164
7164
7164
7164
7164
7164
7164
7164
7164
7164
7164
7164
7164
7164
7164
7164
7164
7164
7164
7164
7164
7164
7164
7164
7164
7164
7164
7164
7164
7164
7164
7164
7164
7164
7164
7164
7164
7164
7164
7164
7164
7164
7164
7164
7164
7164
7164
7164
7164
7164
7164
7164
7164
7164
7164
7164
7164
7164
7164
7164
7164
7164
7164
7164
7164
7164
7164
7164
7164
7164
7164
7164
7164
7164
7164
7164
7164
7164
7164
7164
7164
7164
7164
7164
7164
7164
7164
7164
7164
7164
7164
7164
7164
7164
7164
7164
7164
7164
7164
7164
7164
7164
7164
7164
7164
7164
7164
7164
7164
7164
7164
7164
7164
7164
7164
7164
7164
7164
7164
7164
7164
7164
7164
7164
7164
7164
7164
7164
7164
7164
7164
7164
7164
7164
7164
7164
7164
7164
7164
7164
7164
7164
7164
7164
7164
7164
7164
7164
7164
7164
7164
7164
7164
7164
7164
7164
7164
7164
7164
7164
7164
7164
7164
7164
7164
7164
7164
7164
7164
7164
7164
7164
7164
7164
7164
7164
7164
7164
7164
7164
7164
7164
7164
7164
7164
7164
7164
7164
7164
7164
7164
7164
7164
7164
7164
7164
7164
7164
7164
7164
7164
7164
7164
7164
7164
7164
7164
7164
7164
7164
7164
7164
7164
7164
7164
7164
7164
7164
7164
7164
7164
7164
7164
7164
7164
7164
7164
7164
7164
7164
7164
7164
7164
7164
7164
7164
7164
7164
7164
7164
7164
7164
7164
7164
7164
7164
7164
7164
7164
7164
7164
7164
7164
7164
7164
7164
7164
7164
7164
7164
7164
7164
7164
7164
7164
7164
7164
7164
7164
7164
7164
7164
7164
7164
7164
7164
7164
7164
7164
7164
7164
7164
7164
7164
7164
7164
7164
7164
7164
7164
7164
7164
7164
7164
7164
7164
7164
7164
7164
7164
7164
7164
7164
7164
7164
7164
7164
7164
7164
7164
7164
7164
7164
7164
7164
7164
7164
7164
7164
7164
7164
7164
7164
7164
7164
7164
7164
7164
7164
7164
7164
7164
7164
7164
7164
7164
7164
7164
7164
7164
7164
7164
7164
7164
7164
7164
7164
7164
7164
7164
7164
7164
7164
7164
7164
7164
7164
7164
7164
7164
