1474
1474
1474
501
501
501
1809
1809
1809
1809
1809
1809
1809
1809
1809
1809
1809
1809
1809
1809
1809
1809
1809
1809
2945
2945
2945
2945
2945
2945
2945
2945
2945
2945
2945
2945
2945
2945
2945
2945
2945
2945
2945
2945
2945
2945
2945
2945
2945
2084
2084
1742
1742
1742
1742
1941
1861
1927
1927
1927
1927
1927
1927
1927
1927
1927
1927
1927
1927
1927
1927
1927
1927
1927
2507
2592
2592
2592
2592
2592
2592
2592
2592
2592
2592
2592
2592
2592
2592
2592
2592
2592
2592
2592
2592
2592
2592
2592
2592
2592
2592
2592
2592
2592
2592
2592
2592
2592
2592
2592
2592
2592
2592
2592
2592
2592
2592
2592
2592
2592
2592
2592
2592
2592
2592
2592
2592
2592
2592
2592
2592
2592
2592
2592
2592
2592
2592
2592
2592
2592
2592
2592
2592
2592
2592
2592
2592
2592
2592
2592
2592
2592
2592
2592
2592
2592
2592
2592
2592
2592
2592
2592
2592
2592
2592
2592
4064
4064
4064
4064
4064
4064
4064
4064
4064
4064
4064
4064
4064
4064
4064
4064
4064
4064
3083
3083
3083
3083
3083
3083
3083
3083
3083
3083
3083
3083
3083
3083
3083
3083
3083
3083
3083
3083
3083
3083
3083
3083
3083
3083
3083
3083
3083
3083
3083
3083
3083
3083
3083
3083
3083
3083
3083
3083
3083
3083
3083
3083
3083
3083
3083
3083
3083
3083
3083
3083
3083
3083
3083
3083
3083
3083
3083
3083
3036
3036
3036
3036
3036
3036
3036
3300
3300
3300
3300
3300
3300
3300
3300
3300
3300
3300
3300
3300
3300
3303
3413
3413
3413
3413
3344
3461
3461
3461
3461
3461
3477
3477
3477
3477
3477
3477
3597
3601
3601
3601
3601
3601
3968
0
5107
5060
5060
5060
5060
5498
5544
5544
5544
6014
6014
6014
6014
6014
6014
6548
6548
6548
6548
6548
6548
6548
6548
6548
6548
6548
6548
6548
6548
6548
6548
6548
7384
7384
7384
7384
7384
7384
7339
7116
7116
7116
7116
7116
7116
7084
7171
7171
7171
7171
7183
7206
7738
7738
4850
4850
4850
4850
4850
4850
4850
4850
4850
4850
4850
4850
4850
4850
4850
4850
4850
4850
4850
4850
4850
4850
4850
4850
4850
4850
4850
4850
4850
4850
4850
4850
4850
4850
4850
4850
4850
4850
4850
4850
4850
4850
4850
4850
4850
4850
4850
4850
4850
4850
4850
4850
4850
4850
4850
4850
4850
4850
4850
4850
4850
4850
4850
4850
4850
4850
4850
4742
4742
4742
4742
4742
4742
4742
4742
3798
3798
3798
3798
3798
3798
3798
3798
3798
3798
3798
3798
3798
3798
3798
3798
3798
3798
3798
3798
3798
3798
3798
4541
4541
4541
4541
4541
4541
4541
4541
4541
4541
4541
4541
4541
4541
4541
5605
5605
5605
5605
5605
5605
5605
5605
5605
5605
5605
5605
5605
5605
5605
5605
5605
5605
5605
5605
5605
5605
5605
5605
5605
5605
5605
5605
5605
5605
5605
5605
5605
5605
5605
5605
5605
5605
5605
5605
6056
6056
6053
6053
6053
6053
6053
6053
6085
6224
6120
6120
6120
6120
6120
6105
6657
6723
6764
6612
6514
6505
6505
6505
6505
6505
6528
6528
6528
0
6676
5647
6690
6853
6898
6921
6979
7006
7347
7478
7477
7477
7528
7541
7717
7717
7717
7717
7717
7717
7714
7964
7964
7964
7964
7964
8054
8054
8063
8063
8483
8483
8483
8483
8483
8483
8483
8483
8483
8483
8483
8483
8483
8483
8483
8483
8483
8483
8483
8483
8483
8483
8483
8483
8483
8483
8483
8483
8483
8483
8483
8483
8483
8483
8483
8483
8483
8483
2305
8801
0
8808
8872
0
8852
8855
8667
8668
8821
8714
8775
7322
7486
7406
7415
8760
8653
8615
8609
8862
9337
0
9221
9221
9319
9346
9425
9449
9483
9556
0
9885
9718
9720
0
9711
9711
9817
9645
9537
9507
9483
9512
9438
0
9299
9405
9365
9387
9309
9275
0
8975
0
8929
8926
8780
0
8696
0
8629
8528
8528
8528
8562
8564
8549
8549
8549
8549
8549
8549
8549
8549
8549
8549
8549
8549
8549
8549
8549
8549
8549
8549
8549
8549
8549
8549
8549
8549
8549
8549
8549
8549
8549
8549
8549
8549
8549
8549
8549
8549
8549
8549
8549
8549
8549
8549
8549
8549
8549
8549
8549
8549
8549
8549
8549
8549
8549
8549
